9.293924958192002e-07
0.00046185431040000007
5.5585222e-06
6.217401274000001e-07
0.0004038493104198001
0.0002115370586
1.1459492800000004e-05
9.167594240000003e-05
0.00022915644640000003
1.1951916017398004e-06
2.8644555800000003e-05
2.3878968694000003e-06
8.148267343999999e-07
1.4094675e-05
6.525312500000002e-05
0.0001244131742
7.216473600000001e-06
2.6562970672000005e-06
1.1459492800000004e-05
6.525312500000002e-05
2.8782788020000014e-07
1.4094675e-05
3.558002927270401e-06
1.5587582976e-06
2.6562970672000005e-06
2.43555984e-05
1.1459492800000004e-05
5.5585222e-06
5.08118254e-05
0.0002733357437174001
2.4752504448e-06
0.0001244131742
1.5587582976e-06
1.6922964688000004e-06
9.020592000000001e-07
6.351478175e-06
9.167594240000003e-05
0.0001948447872
4.176200000000002e-06
3.6948344831999997e-06
3.558002927270401e-06
3.7879772406784e-06
0.0008577037798
3.340960000000001e-05
1.5587582976e-06
5.773178880000001e-05
7.734030066000001e-07
9.175111400000001e-06
0.0005872071296000001
4.052162683800002e-06
9.020592000000001e-07
3.5574542080000007e-07
0.0008148267344000002
1.9742114302918006e-06
2.7405682269658003e-06
1.244131742e-07
2.2915644640000005e-07
3.6948344831999997e-06
3.340960000000001e-05
7.216473600000001e-06
3.6032312400896016e-06
8.22001446e-05
1.5587582976e-06
9.175111400000001e-06
0.00010185334180000002
3.9306060304000005e-06
5.5585222e-06
1.0947657728000002e-06
1.4094675e-05
1.6312984363942e-06
7.334075392e-07
2.5647088250000008e-06
1.4094675e-05
2.5647088250000008e-06
0.00043358561260000003
4.09281966128e-05
7.037561015800002e-06
0.0002672768000000001
2.0124702875648e-06
1.4094675e-05
1.1459492800000004e-05
3.867578820000001e-05
1.948447872e-07
1.3719192858e-06
1.1459492800000004e-05
1.1459492800000004e-05
0.00033203713339999996
1.050471199834e-07
1.5980528984112002e-06
2.7500402285999998e-06
4.176200000000002e-06
9.175111400000001e-06
2.8644555800000003e-05
1.1459492800000004e-05
1.2560464406000003e-06
3.8826723418112e-06
2.0517670600000006e-05
2.6873245627199995e-05
2.477280078e-07
9.175111400000001e-06
2.8644555800000003e-05
8.9650026018e-06
4.693808250879999e-08
4.176200000000002e-06
8.876067499459999e-05
9.175111400000001e-06
1.7105715200000002e-05
1.1459492800000004e-05
1.12156820678e-05
3.6948344831999997e-06
1.1459492800000004e-05
3.3591557033999993e-06
2.0517670600000006e-05
2.8459633664000005e-06
1.761834375e-06
2.0517670600000006e-05
5.015193986180001e-05
2.7690496562176004e-06
2.0512202659578e-06
3.9306060304000005e-06
3.251956825600001e-06
7.425108617220002e-05
5.220250000000002e-07
1.1459492800000004e-05
1.1459492800000004e-05
0.0002878278802000001
1.4094675e-05
5.08118254e-05
2.9440915378e-06
6.525312500000002e-05
2.43555984e-05
1.3719192858e-06
4.44681776e-05
9.175111400000001e-06
4.44681776e-05
3.6948344831999997e-06
1.1459492800000004e-05
7.216473600000001e-06
3.9306060304000005e-06
2.8644555800000003e-05
6.525312500000002e-05
5.081182540000001e-08
1.4324366000000005e-06
9.175111400000001e-06
2.8644555800000003e-05
2.2000321828800002e-08
5.773178880000001e-05
9.175111400000001e-06
1.4094675e-05
5.5585222e-06
8.22001446e-05
0.0001256210607022
9.175111400000001e-06
3.297259783818001e-07
9.167594240000003e-05
2.1382144000000003e-06
2.6527723126379996e-07
4.3358561260000005e-07
1.1459492800000004e-05
9.175111400000001e-06
0.0002477280078
3.80556225e-07
1.2560464406000003e-06
4.44681776e-05
1.3719192858e-06
5.5585222e-06
3.6948344831999997e-06
5.539771062000001e-07
5.5585222e-06
5.08118254e-05
1.9818240624e-06
1.0185334179999999e-07
1.0343326173824e-06
4.052162683800002e-06
4.1449973964139994e-07
5.773178880000001e-05
1.6922964688000004e-06
1.7547964297738002e-06
1.7105715200000002e-05
2.43555984e-05
1.5008009940000003e-07
7.340089120000001e-05
1.761834375e-06
5.5585222e-06
1.5008009940000003e-07
1.8332515712000004e-06
4.176200000000002e-06
5.539771062000001e-07
1.4094675e-05
4.052162683800002e-06
1.3131309184000002e-06
4.913257538000001e-07
3.3591557033999993e-06
7.216473600000001e-06
5.539771062000001e-07
1.8683848977500007e-07
2.7500402285999998e-06
1.6246127954e-06
3.4686849008000004e-06
5.5585222e-06
9.175111400000004
0.49132575380000004
9.479180522000003e-07
6.525312500000002e-05
5.5585222e-06
1.1459492800000004e-05
2.3878968694000003e-06
9.175111400000001e-06
9.479180522000003e-07
1.4094675e-05
3.205886031250001e-07
0.00015008009940000003
5.5585222e-06
4.176200000000002e-06
6.94815275e-07
8.190486262042002e-07
3.3591557033999993e-06
1.1521904062662003e-06
2.601565460480001e-08
1.0947657728000002e-06
7.216473600000001e-06
2.1382144000000003e-06
2.2915644640000005e-07
4.3358561260000005e-07
7.216473600000001e-06
3.5574542080000007e-07
7.34008912e-08
9.479180522000003e-07
4.793912433071999e-07
4.563446497400001e-06
3.251956825600001e-06
2.7500402285999998e-06
9.953053936e-07
3.9306060304000005e-06
0.00010185334180000002
3.867578820000001e-05
5.5585222e-06
2.9144200669485996e-06
8.148267343999999e-07
2.1382144000000003e-06
1.6414136480000002e-07
3.6948344831999997e-06
2.3646940692480004e-07
5.5585222e-06
5.539771062000001e-07
3.3591557033999993e-06
1.7105715200000002e-05
5.773178880000001e-05
7.216473600000001e-06
1.5008009940000003e-07
1.7105715200000002e-05
9.175111400000001e-06
3.81259037698e-05
0.00022915644640000003
4.176200000000002e-06
1.8332515712000004e-06
2.8644555800000003e-05
3.2097241511552e-06
5.872071296e-07
3.867578820000001e-05
1.5587582976e-06
5.346540960768001e-07
1.7105715200000003e-08
2.8644555800000003e-05
1.8332515712000004e-06
9.1751114e-09
1.7905457500000006e-07
3.5805694750000004e-06
2.2194039041999998e-06
3.340960000000001e-05
1.244131742e-07
3.5574542080000007e-07
3.251956825600001e-06
3.4686849008000004e-06
4.09281966128e-05
1.4947079182000006e-06
7.216473600000001e-06
1.7428456112200004e-05
4.176200000000002e-06
2.2194039041999998e-06
