573217119.7822738
287289.10253180616
3453.9747042429103
189810.02772639124
47678123.32107383
996137.1858105004
13750520.966798807
1507714.6425702397
109224270.46090038
27435.896296221454
13750520.966798807
11976203105.00391
1987554.9873872413
47678.123321137355
1507714.6425702397
2282018456.6934314
143985630.5489976
7912598.923482487
11976.20310500517
2620107.7553749094
18126.716923171145
1143718.5173969413
867599.2194423546
867.599219445651
287289102.53143823
82855082.22056895
72163759.85692671
95130362.71096547
18126.716923171145
434829.6526900276
867599.2194423546
6002320.103555059
125406.24168504447
47678.123321137355
47678123.32107383
109224.27046073476
41525.909450024206
1143.7185173942994
20812.255681216302
138.5221273575589
27435.896296221454
27435.896296221454
54741.80995730388
3008286.208044855
11976.20310500517
6002320.103555059
3965.6935652708326
5227802.265457904
15787.710445496301
2620107.7553749094
41525.909450024206
10430.83685038382
36167.55517082376
287.2891025302287
755647.3308091529
1731088.0270509264
18126716.923137803
6891585.564283934
189810.02772639124
18126.716923171145
1313164.557722481
6002.320103555059
47678123.32107383
3965693.565261754
1987554.9873872413
867599219.4426844
867.599219445651
18126.716923171145
7912598923.484409
755647.3308091529
165317623.15838304
573.217119785524
11976.20310500517
378720.7953259507
10430836.850378055
4553225.4287062595
165317623.15838304
36167555.17083698
68.00160334095573
131255.9962319385
23895666.731826417
1507.7146425622993
4553225.4287062595
13750.520966757214
867599.2194423546
250218348.0960416
3453974.7042649896
6891585.564283934
16546.995645715724
755647.3308091529
20812255.68114319
54741.80995730388
165317.62315845583
47678.123321137355
125406.24168504447
72163.75985688485
1731088.0270509264
11976.20310500517
1313164.557722481
2282.018456684847
1313164.557722481
13750.520966757214
189810.02772639124
10430.83685038382
573217.1197821905
15787710.445488691
15787710.445488691
82855.08222070667
143985.63054886498
27435.896296221454
